time,x,y,z,vx,vy,vz
100.000000000004,1559289.90792271,-5465352.98716437,3013836.08396681,-3408.11164124899,-1311.52090592645,-124.414728956935
101.000000000004,1555880.56099783,-5466660.04184106,3013709.28789387,-3410.58088453942,-1302.59115718478,-129.175545181775
102.000000000004,1552468.74852208,-5467958.17165637,3013577.73458732,-3413.0427098653,-1293.67158960496,-133.928945220208
103.000000000004,1549054.47790104,-5469247.38654292,3013441.43129983,-3415.4971589037,-1284.76153513217,-138.675364319395
104.000000000004,1545637.75650221,-5470527.69580209,3013300.38486989,-3417.94426686823,-1275.86036689605,-143.415215477486
105.000000000004,1542218.59166007,-5471799.10813222,3013154.60173582,-3420.3840629837,-1266.96749741941,-148.148890627209
106.000000000004,1538796.9906811,-5473061.63165676,3013004.08794988,-3422.81657092032,-1258.08237682649,-152.876761810424
107.000000000004,1535372.96084867,-5474315.27395253,3012848.84919226,-3425.24180918811,-1249.20449105098,-157.599182343796
108.000000000004,1531946.50942779,-5475560.04207789,3012688.89078515,-3427.65979149188,-1240.33336004381,-162.316487975586
109.000000000004,1528517.64366975,-5476795.94260103,3012524.21770677,-3430.07052704743,-1231.46853598101,-167.028998033708
110.000000000004,1525086.37081672,-5478022.98162819,3012354.83460542,-3432.47402085918,-1222.60960147153,-171.737016565049
111.000000000004,1521652.69810611,-5479241.16483198,3012180.74581346,-3434.87027395989,-1213.75616776529,-176.44083346615
112.000000000004,1518216.63277494,-5480450.49747965,3012001.95536138,-3437.25928361261,-1204.90787296161,-181.140725605241
113.000000000004,1514778.18206404,-5481650.9844614,3011818.4669918,-3439.64104347536,-1196.06438021795,-185.836957935752
114.000000000004,1511337.3532221,-5482842.63031872,3011630.28417349,-3442.01554372877,-1187.22537595932,-190.529784601245
115.000000000004,1507894.15350971,-5484025.43927273,3011437.41011535,-3444.3827711671,-1178.39056808822,-195.219450031859
116.000000000004,1504448.59020321,-5485199.41525254,3011239.84778044,-3446.74270925277,-1169.55968419547,-199.906190032244
117.000000000004,1501000.6705984,-5486364.56192364,3011037.59989999,-3449.09533813477,-1160.73246977185,-204.590232861071
118.000000000004,1497550.40201429,-5487520.88271626,3010830.66898736,-3451.44063463116,-1151.90868642076,-209.27180030203
119.000000000004,1494097.79179653,-5488668.38085382,3010619.05735203,-3453.7785721759,-1143.08811007204,-213.951108726433
120.000000000004,1490642.8473209,-5489807.05938131,3010402.76711361,-3456.10912073029,-1134.2705291969,-218.62837014735
121.000000000004,1487185.57599661,-5490936.92119375,3010181.80021579,-3458.43224665905,-1125.45574302429,-223.303793265327
122.000000000004,1483725.98526948,-5492057.96906465,3009956.15844033,-3460.74791257142,-1116.64355975865,-227.977584505659
123.000000000004,1480264.08262508,-5493170.20567447,3009725.843421,-3463.05607712748,-1107.83379479926,-232.649949047224
124.000000000004,1476799.87559164,-5494273.63363905,3009490.85665758,-3465.35669480962,-1099.02626896114,-237.321091842878
125.000000000004,1473333.371743,-5495368.2555382,3009251.19952978,-3467.64971565967,-1090.22080669783,-241.991218631378
126.000000000004,1469864.57870131,-5496454.07394412,3009006.87331119,-3469.93508498154,-1081.41723432599,-246.660536940836
127.000000000004,1466393.50413972,-5497531.09144996,3008757.87918323,-3472.21274300979,-1072.6153782519,-251.329257083694
128.000000000004,1462920.15575479,-5498599.30917988,3008504.21728866,-3474.48263805532,-1063.81512561688,-255.997654805426
129.000000000004,1459444.54076541,-5499658.72302027,3008245.88333468,-3476.74480050791,-1055.01617548902,-260.667393385337
130.000000000004,1455966.66722363,-5500709.33761623,3007982.87820636,-3478.99910941994,-1046.21843840109,-265.338228980289
131.000000000004,1452486.54347601,-5501751.1555263,3007715.2024341,-3481.2454401044,-1037.42220350801,-270.00911105886
132.000000000004,1449004.17780274,-5502784.17908574,3007442.85707571,-3483.48368967772,-1028.62768426604,-274.679164400807
133.000000000004,1445519.578437,-5503808.41042527,3007165.84362961,-3485.71377275873,-1019.83502558991,-279.34768199483
134.000000000004,1442032.75358424,-5504823.85148985,3006884.16394799,-3487.93561733112,-1011.04431107107,-284.014117945001
135.000000000004,1438543.71144137,-5505830.50405753,3006597.82015,-3490.14916077072,-1002.25557025726,-288.678080385949
136.000000000004,1435052.46021588,-5506828.36975836,3006306.81453494,-3492.35434603823,-993.468785993084,-293.339324406737
137.000000000004,1431559.00814492,-5507817.45009329,3006011.14949543,-3494.55111803798,-984.683901821392,-297.997744983542
138.000000000004,1428063.36351421,-5508797.74645319,3005710.82743052,-3496.73942014297,-975.90082944508,-302.653369921142
139.000000000004,1424565.53467699,-5509769.26013787,3005405.85065891,-3498.91919088631,-967.119456248895,-307.306352803315
140.000000000004,1421065.53007278,-5510731.99237519,3005096.22133208,-3501.09036081878,-958.339652880735,-311.956965952135
141.000000000004,1417563.35824611,-5511685.94434014,3004781.94134744,-3503.25284953243,-949.561280891915,-316.605593396231
142.000000000004,1414059.0278652,-5512631.11717403,3004463.01226152,-3505.40656284973,-940.784200435787,-321.252723848046
143.000000000004,1410552.54774048,-5513567.5120037,3004139.43520314,-3507.55139017802,-932.008278024133,-325.898943690087
144.000000000004,1407043.92684309,-5514495.12996076,3003811.21078655,-3509.6872020286,-923.233394340655,-330.544929970225
145.000000000004,1403533.17432327,-5515413.97220087,3003478.33902467,-3511.81384770022,-914.459452110928,-335.191443406003
146.000000000004,1400020.29952869,-5516324.03992307,3003140.81924225,-3513.93115312628,-905.686384028142,-339.839321397977
147.000000000004,1396505.31202263,-5517225.33438912,3002798.6499891,-3516.03891888545,-896.914160733914,-344.489471052094
148.000000000004,1392988.22160217,-5518117.85694291,3002451.82895333,-3518.13691837511,-888.142798853522,-349.142862211113
149.000000000004,1389469.03831622,-5519001.60902988,3002100.35287456,-3520.22489614742,-879.372369084816,-353.800520495047
150.000000000004,1385947.7724835,-5519876.59221642,3001744.21745723,-3522.3025664074,-870.603004340117,-358.463520350696
151.000000000004,1382424.43471038,-5520742.80820943,3001383.41728386,-3524.36961167284,-861.834907940359,-363.132978110269
152.000000000004,1378899.03590875,-5521600.25887577,3001017.94572837,-3526.42568159574,-853.068361860742,-367.810045059167
153.000000000004,1375371.58731365,-5522448.94626181,3000647.79486941,-3528.47039194478,-844.303735027145,-372.495900513011
154.000000000004,1371842.10050093,-5523288.87261299,3000272.95540373,-3530.50332374883,-835.541491662494,-377.191744904031
155.000000000004,1368310.58740473,-5524120.04039342,2999893.41655958,-3532.52402260087,-826.782199682338,-381.89879287698
156.000000000004,1364777.06033497,-5524942.45230542,2999509.16601012,-3534.53199812224,-818.026539138731,-386.618266394736
157.000000000004,1361241.53199467,-5525756.11130924,2999120.1897869,-3536.52672358662,-809.275310711606,-391.351387853866
158.000000000004,1357704.01549716,-5526561.02064259,2998726.47219331,-3538.50763570337,-800.529444246721,-396.099373210459
159.000000000004,1354164.52438331,-5527357.18384038,2998327.99571816,-3540.47413455952,-791.790007339202,-400.863425116524
160.000000000004,1350623.07263856,-5528144.60475437,2997924.74094922,-3542.42558371963,-783.058213961698,-405.644726067419
161.000000000004,1347079.67470988,-5528923.28757283,2997516.68648686,-3544.36131048266,-774.335433136074,-410.44443156077
162.000000000004,1343534.3464533,-5529693.25491784,2997103.84438971,-3546.28423159814,-765.614661505314,-415.244118967239
163.000000000004,1339987.0972285,-5530454.49832758,2996686.20716769,-3548.19276913484,-756.89910623733,-420.052123437633
164.000000000004,1336437.94705957,-5531207.02937211,2996263.75657862,-3550.08553671492,-748.190759929948,-424.871507047147
165.000000000004,1332886.91562445,-5531950.86052392,2995836.47703167,-3551.96154926462,-739.490767435974,-429.703458411907
166.000000000004,1329334.02191627,-5532686.00313654,2995404.35350397,-3553.81990735067,-730.800157086776,-434.549089017018
167.000000000004,1325779.28452156,-5533412.46780538,2994967.37123669,-3555.65976623157,-722.119879523019,-439.409465911801
168.000000000004,1322222.72189696,-5534130.26472955,2994525.51543119,-3557.48030523869,-713.450846871862,-444.285644295614
169.000000000004,1318664.3526446,-5534839.40407445,2994078.77094512,-3559.2806974853,-704.793972266737,-449.178699993271
170.000000000004,1315104.19578592,-5535539.89633543,2993627.12198854,-3561.06007990034,-696.150209704853,-454.089761818523
171.000000000004,1311542.27103406,-5536231.75270218,2993170.55181998,-3562.81752358265,-687.520594236587,-459.020043823518
172.000000000004,1307978.59906483,-5536914.98542415,2992709.0424426,-3564.55200447016,-678.906282480086,-463.970877431473
173.000000000004,1304413.20178617,-5537589.60817666,2992242.57430034,-3566.26237431694,-670.308593453185,-468.943743449229
174.000000000004,1300846.10260609,-5538255.63642809,2991771.12597406,-3567.94733196974,-661.72904971356,-473.940303955434
175.000000000004,1297277.32669921,-5538913.08780771,2991294.67387784,-3569.60539493299,-653.169418796453,-478.962434059165
176.000000000004,1293706.90127173,-5539561.98247453,2990813.19195514,-3571.23487120944,-644.63175493749,-484.012253522681
177.000000000004,1290134.85582493,-5540202.34348683,2990326.65137523,-3572.83383139992,-636.118441065736,-489.092158240476
178.000000000004,1286561.22241718,-5540834.19717264,2989835.0202295,-3574.40008104243,-627.632231049499,-494.204851565257
179.000000000004,1282986.03592435,-5541457.5735009,2989338.26322802,-3575.931133166,-619.176292174013,-499.353375469269
180.000000000004,1279409.33429884,-5542072.50645361,2988836.34139598,-3577.4241810296,-610.754247826267,-504.541141527216
181.000000000004,1275831.15882693,-5542679.03439853,2988329.21177039,-3578.87607100998,-602.370220357711,-509.771961704114
182.000000000004,1272251.5543847,-5543277.20046286,2987816.82709682,-3580.28327559501,-594.028874090233,-515.050078928318
183.000000000004,1268670.56969237,-5543867.05290759,2987299.13552617,-3581.64186643048,-585.735458424759,-520.380197426255
184.000000000004,1265088.2575671,-5544448.64550261,2986776.08031165,-3582.9474873587,-577.49585100484,-525.767512791207
185.000000000004,1261504.67517423,-5545022.03790259,2986247.5995058,-3584.19532737592,-569.316600879835,-531.217741753808
186.000000000004,1257919.884277,-5545587.29602357,2985713.62565766,-3585.38009342314,-561.20497160338,-536.73715161653
187.000000000004,1254333.95148464,-5546144.49242029,2985174.08551001,-3586.49598291075,-553.168984193057,-542.332589308476
188.000000000004,1250746.94849898,-5546693.70666419,2984628.89969683,-3587.53665586155,-545.217459866177,-548.011510010097
189.000000000004,1247158.95235945,-5547235.02572211,2984077.98244074,-3588.49520653954,-537.36006245457,-553.782005289902
190.000000000004,1243570.04568648,-5547768.54433566,2983521.24125068,-3589.36413441238,-529.607340387853,-559.652830687061
191.000000000004,1239980.3169234,-5548294.36540129,2982958.57661965,-3590.13531427464,-521.970768120103,-565.633432664335
192.000000000004,1236389.86057674,-5548812.60035089,2982389.88172255,-3590.79996533583,-514.462786858865,-571.733974845608
193.000000000004,1232798.7774549,-5549323.36953317,2981815.04211422,-3591.34861905261,-507.096844437941,-577.9653634408
194.000000000004,1229207.17490532,-5549826.80259547,2981233.93542749,-3591.77108545783,-499.887434156555,-584.339271748179
195.000000000004,1225615.16195253,-5550323.13786687,2980646.36963564,-3592.04707825494,-492.861519609173,-590.879919288985
196.000000000004,1222022.7282893,-5550812.72672119,2980052.10974107,-3592.14659820227,-486.081297846695,-597.604822728028
197.000000000004,1218430.20231685,-5551295.70121136,2979451.01677188,-3592.06184588634,-479.554988983556,-604.525597104457
198.000000000004,1214837.93998306,-5551772.24750931,2978842.90129291,-3591.77868010877,-473.293176627312,-611.666169426079
199.000000000004,1211246.24955989,-5552242.59258783,2978227.5449871,-3591.27795011362,-467.316941746303,-619.053064856417
200.000000000004,1207655.40721936,-5552707.0121622,2977604.69698039,-3590.53516314265,-461.658129018046,-626.715783605057
201.000000000004,1204065.67257457,-5553165.83868811,2976974.07016624,-3589.52012900973,-456.359598820077,-634.687166920186
202.000000000004,1200477.30418545,-5553619.46941554,2976335.33752956,-3588.19657613233,-451.475460546589,-643.00374984975
203.000000000004,1196890.5750291,-5554068.37449844,2975688.12846993,-3586.52173180761,-447.071281695697,-651.706097840148
204.000000000004,1193305.78793433,-5554513.10515964,2975032.02512371,-3584.44585774552,-443.224265760814,-660.839123505861
205.000000000004,1189723.29098058,-5554954.30191066,2974366.55868457,-3581.91172998272,-440.023390357018,-670.45237899732
206.000000000004,1186143.49286091,-5555392.70282579,2973691.2057219,-3578.85405032503,-437.569495196003,-680.600318275453
207.000000000004,1182566.87820949,-5555829.15186993,2973005.38449629,-3575.19877443564,-435.975307463177,-691.342522218503
208.000000000004,1178994.02289352,-5556264.60727959,2972308.45127124,-3570.86233965388,-435.365389812074,-702.74387777367
209.000000000004,1175425.60927044,-5556700.14999593,2971599.69661969,-3565.75077366398,-435.875993532937,-714.874700243749
210.000000000004,1171862.44141093,-5557136.99214922,2970878.34172423,-3559.75866333202,-437.654796423085,-727.81078516895
211.000000000004,1168305.46028883,-5557576.48559335,2970143.53466896,-3552.76796151899,-440.860501428781,-741.633373010206
212.000000000004,1164755.75893946,-5558020.13048908,2969394.34672095,-3544.64660862789,-445.662268175698,-756.429005825439
213.000000000004,1161214.59758817,-5558469.58393438,2968629.76859895,-3535.24694527231,-452.238944986165,-772.289250196527
214.000000000004,1157683.41875146,-5558926.66863985,2967848.70672619,-3524.4038930464,-460.778063822119,-789.310254635859
215.000000000004,1154163.86231371,-5559393.38164695,2967049.97946388,-3511.93288229645,-471.474554721723,-807.59210238586
216.000000000004,1150657.78058312,-5559871.90308611,2966232.31332151,-3497.62750950354,-484.529129654919,-827.237911724041
217.000000000004,1147167.25333117,-5560364.60497165,2965394.33913915,-3481.25691297102,-500.14627827269,-848.352625409019
218.000000000004,1143694.60282107,-5560874.06002944,2964534.58823665,-3462.56286470073,-518.53180977144,-871.041418583799
219.000000000004,1140242.40883108,-5561403.05055289,2963651.48852352,-3441.25658954856,-539.889866109156,-895.407640186326
220.000000000004,1136813.52368033,-5561954.5772821,2962743.36056284,-3417.01534108873,-564.419322264136,-921.550186699656
221.000000000004,1133411.08726532,-5562531.86830004,2961808.4135813,-3389.47878844459,-592.30947943381,-949.560189068512
222.000000000004,1130038.54211698,-5563138.38793878,2960844.74141694,-3358.24530128018,-623.734947545082,-979.51687423027
223.000000000004,1126699.64848949,-5563777.84568799,2959850.31839469,-3322.86826309012,-658.849604976331,-1011.48244274129
224.000000000004,1123398.4994935,-5564454.20509647,2958822.99511899,-3282.85259804435,-697.779517127262,-1045.49578473087
225.000000000004,1120139.53628824,-5565171.69265661,2957760.49417161,-3237.65176633053,-740.614693043749,-1081.564839915
226.000000000004,1116927.56334887,-5565934.80666001,2956660.40570125,-3186.66556970297,-787.399562942299,-1119.65739665164
227.000000000004,1113767.7638271,-5566748.32601142,2955520.18289037,-3129.23921522255,-838.12207216684,-1159.69012430359
227.844646921598,1111143.60222382,-5567478.46571154,2954523.84925868,-3075.19521529224,-883.974761371102,-1194.90840560812
228.844646921598,1108101.42891424,-5568389.2132007,2953308.13799468,-3008.64455324526,-937.504615702197,-1236.22031285028
229.844646921598,1105126.94113345,-5569353.32369373,2952051.91796141,-2939.94934161667,-990.573334641884,-1275.90680162541
230.844646921598,1102222.06093016,-5570369.96291417,2950756.92214139,-2869.69005757346,-1042.45948768271,-1313.81610659925
231.844646921598,1099388.02832014,-5571437.62304153,2949424.9746045,-2798.46307682935,-1092.52951116757,-1349.84644274299
232.844646921598,1096625.44920224,-5572554.21528872,2948057.95846617,-2726.86687490748,-1140.24389878194,-1383.94584724021
233.844646921598,1093934.34278999,-5573717.16268215,2946657.78385269,-2655.48684221866,-1185.16047261217,-1416.10992058101
234.844646921598,1091314.18858764,-5574923.4930328,2945226.3558335,-2584.87953791105,-1226.93504672994,-1446.37745463354
235.844646921598,1088763.97294332,-5576169.93208557,2943765.54228207,-2515.55713716673,-1265.31992419156,-1474.82409283446
236.844646921598,1086282.23521417,-5577452.99683246,2942277.14162933,-2447.97270335403,-1300.16076861667,-1501.55430436802
237.844646921598,1083867.1135794,-5578769.08897489,2940762.85047691,-2382.50675841047,-1331.3924535509,-1526.69205788521
238.844646921598,1081516.39053714,-5580114.58851951,2939224.23104177,-2319.45545171113,-1359.03451048103,-1550.37064315941
239.844646921598,1079227.53811976,-5581485.94749215,2937662.67840825,-2259.02045802424,-1383.18676681404,-1572.7221077901
240.844646921598,1076997.76286057,-5582879.78375424,2936079.38756796,-2201.30058416393,-1404.02568820507,-1593.86675105006
241.844646921598,1074824.05054193,-5584292.97490631,2934475.32023278,-2146.28494190886,-1421.80181699478,-1613.9030510349
242.844646921598,1072704.07836592,-5585722.42626977,2932851.79980251,-2094.09907220316,-1436.6197955893,-1632.9644806986
243.844646921598,1070634.9147016,-5587165.31243902,2931209.67537609,-2044.6848401097,-1448.71807006217,-1651.14514334385
244.844646921598,1068613.80703735,-5588619.02907448,2929549.77364914,-1997.97488785917,-1458.31610487818,-1668.53308252938
245.844646921598,1066638.09318783,-5590081.18227156,2927872.847134,-1953.87998335624,-1465.62645108167,-1685.20695517517
246.844646921598,1064705.21089706,-5591549.58757489,2926179.57461888,-1912.29294630173,-1470.85339671991,-1701.23588129262
247.844646921598,1062812.71092007,-5593022.259115,2924470.57012956,-1873.09473717922,-1474.19008276982,-1716.68027314598
248.844646921598,1060958.26718172,-5594497.39793164,2922746.39123066,-1836.15897867399,-1475.81689352806,-1731.59293743726
249.844646921598,1059139.68232016,-5595973.37869938,2921007.54599937,-1801.35532796126,-1475.90062393417,-1746.02024505229
250.844646921598,1057354.88961165,-5597448.73596104,2919254.49887114,-1768.55245723063,-1474.5942339399,-1760.00299544977
251.844646921598,1055601.95369138,-5598922.15028298,2917487.67610665,-1737.62065839795,-1472.03679335204,-1773.57726976134
252.844646921598,1053879.06685028,-5600392.43460963,2915707.46978625,-1708.43345918067,-1468.35407058842,-1786.77508875763
253.844646921598,1052184.54589196,-5601858.52114648,2913914.24185053,-1680.86907275043,-1463.65909100088,-1799.62503250353
254.844646921598,1050516.82660126,-5603319.44917618,2912108.32712129,-1654.81124801403,-1458.05298119188,-1812.15273197489
255.844646921598,1048874.45800572,-5604774.35355607,2910290.03607248,-1630.14980156479,-1451.625856222,-1824.38129398858
256.844646921598,1047256.09621217,-5606222.45399315,2908459.65723549,-1606.78089685777,-1444.45770265092,-1836.33166763255
257.844646921598,1045660.49793774,-5607663.04564437,2906617.45908319,-1584.60704954622,-1436.61930256996,-1848.02294870696
258.844646921598,1044086.51423666,-5609095.49006779,2904763.69185448,-1563.53702641808,-1428.17307259546,-1859.47263829066
259.844646921598,1042533.08440694,-5610519.20752493,2902898.5889524,-1543.48561032517,-1419.17386732887,-1870.69686441495
260.844646921598,1040999.23004553,-5611933.66955969,2901022.36828699,-1524.37329248015,-1409.66970757358,-1881.71056599725
261.844646921598,1039484.0495355,-5613338.39263895,2899135.23335724,-1506.12600723911,-1399.70244603628,-1892.52762434289
262.844646921598,1037986.71273399,-5614732.93224124,2897237.37425759,-1488.67479008093,-1389.3083630169,-1903.16099138775
263.844646921598,1036506.45603832,-5616116.87754941,2895328.96856166,-1471.95544752709,-1378.51871333064,-1913.62277805352
264.844646921598,1035042.57784497,-5617489.84675952,2893410.18210282,-1455.90822395134,-1367.36020056852,-1923.92433813673
265.844646921598,1033594.4340945,-5618851.48253352,2891481.16974197,-1440.47744718451,-1355.85541070451,-1934.07633130706
266.844646921598,1032161.43468618,-5620201.44838622,2889542.07596542,-1425.61121503817,-1344.02316999476,-1944.08878980405
267.844646921598,1030743.03979554,-5621539.42496147,2887593.03549631,-1411.26107510247,-1331.87884485087,-1953.97117718281
268.844646921598,1029338.75601808,-5622865.10639996,2885634.17394649,-1397.38168442084,-1319.43468700421,-1963.73239360068
269.844646921598,1027948.1338339,-5624178.19761497,2883665.60827865,-1383.93054650497,-1306.70002585709,-1973.38083288977
270.844646921598,1026570.76515888,-5625478.41162285,2881687.44726138,-1370.86775640691,-1293.68143440819,-1982.92442428347
271.844646921598,1025206.2808984,-5626765.46686835,2879699.79193069,-1358.15574669153,-1280.38288285113,-1992.37065548312
272.844646921598,1023854.34850342,-5628039.0845453,2877702.73605818,-1345.75903485407,-1266.80588203612,-2001.72657883818
273.844646921598,1022514.66952851,-5629298.9859128,2875696.36662572,-1333.64397263671,-1252.94961872164,-2010.99880216363
274.844646921598,1021186.97754269,-5630544.88982761,2873680.7642828,-1321.77851189168,-1238.81105106193,-2020.19348216482
275.844646921598,1019871.03916918,-5631776.5120385,2871656.00356404,-1310.13211871291,-1224.38471084569,-2029.31643628129
276.844646921598,1018566.65006935,-5632993.56078457,2869622.15352814,-1298.67546316184,-1209.66289879869,-2038.3730260628
277.844646921598,1017273.63464816,-5634195.73585854,2867579.27802551,-1287.38027110813,-1194.63563705778,-2047.36818469782
278.844646921598,1015991.84501865,-5635382.72601513,2865527.43617298,-1276.21914850103,-1179.29061071414,-2056.30638857964
279.844646921598,1014721.16044163,-5636554.20635856,2863466.68286287,-1265.16541394922,-1163.61302425888,-2065.19164310377
280.844646921598,1013461.4867683,-5637709.83572918,2861397.06927758,-1254.19293077108,-1147.58545797531,-2074.02744873265
281.844646921598,1012212.75588545,-5638849.25408976,2859318.64340961,-1243.27593877176,-1131.18772523738,-2082.81674665363
282.844646921598,1010974.92516321,-5639972.07991125,2857231.45058689,-1232.38888603928,-1114.39673173043,-2091.56184312677
283.844646921598,1009747.97690498,-5641077.90755817,2855135.53400353,-1221.50626109924,-1097.18633769266,-2100.26431137322
284.844646921598,1008531.91993924,-5642166.30957436,2853030.92623968,-1210.60182901641,-1079.52524033057,-2108.92611863994
285.844646921598,1007326.7895071,-5643236.8178875,2850917.67132071,-1199.64953049052,-1061.38360428234,-2117.54565447576
286.844646921598,1006132.64535912,-5644288.91903952,2848795.83047299,-1188.62464318149,-1042.72271081008,-2126.12074956301
287.844646921598,1004949.57304959,-5645322.06962244,2846665.4542483,-1177.50080284368,-1023.49951673233,-2134.64875517827
288.844646921598,1003777.68548659,-5646335.68759689,2844526.58750856,-1166.24993736377,-1003.66622392106,-2143.12596971584
289.844646921598,1002617.1245783,-5647329.14333578,2842379.27476009,-1154.84226516235,-983.169371632138,-2151.54713883712
290.844646921598,1001468.06289281,-5648301.75068124,2840223.56550326,-1143.24629211289,-961.948962209747,-2159.90487328821
291.844646921598,1000330.70533053,-5649252.75801519,2838059.51959703,-1131.42880786295,-939.937626917239,-2168.18897480355
292.844646921598,999205.290808151,-5650181.33934358,2835887.21263754,-1119.35488271857,-917.059840341801,-2176.38565899281
293.844646921598,998092.093953383,-5651086.5853945,2833706.74135014,-1106.98786658197,-893.2311939185,-2184.47666241098
294.844646921598,996991.426809061,-5651967.49473056,2831518.22899391,-1094.28939182886,-868.35774170944,-2192.43821915527
295.844646921598,995903.640545689,-5652822.96487542,2829321.83077765,-1081.2193824949,-842.335434759935,-2200.23989035154
296.844646921598,994829.127180868,-5653651.78345493,2827117.73928636,-1067.73607273774,-815.049664256272,-2207.84322785047
297.844646921598,993768.321304273,-5654452.61935286,2824906.1899168,-1053.79603828476,-786.374938467541,-2215.20025144245
298.844646921598,992721.70180652,-5655224.01388146,2822687.46632073,-1039.35424550742,-756.174724226774,-2222.25171705693
299.844646921598,991689.793610096,-5655964.37196692,2820461.90585425,-1024.36412392531,-724.301490674757,-2228.92515192886
300.844646921598,990673.169400394,-5656671.95334991,2818229.90503115,-1008.77766938643,-690.597001355029,-2235.13263185201
301.844646921598,989672.451354616,-5657344.86380113,2815991.9249784,-992.54558694289,-654.892910730931,-2240.76827574966
302.844646921598,988688.312277225,-5657981.03298656,2813748.53399151,-975.612564699861,-617.001695333319,-2245.70343349095
303.844646921598,987721.496014912,-5658578.0598211,2811500.71314887,-957.881781288841,-576.651638557521,-2249.76430198569
304.844646921598,986772.83595309,-5659133.44594058,2809249.36220171,-939.288667268018,-533.635885925044,-2252.74930790498
305.844646921598,985843.23359002,-5659644.3910317,2806995.67232822,-919.753344402499,-487.699547284703,-2254.40982912945
306.844646921598,984933.671969446,-5660107.81514971,2804741.09962284,-899.191796838137,-438.585407470245,-2254.44163148904
